0 0.84296875 0.61015625 0.1015625 0.028125
0 0.803125 0.440625 0.11875 0.03125
0 0.80703125 0.896875 0.109375 0.03125
0 0.45546875 0.48125 0.134375 0.03125
0 0.44140625 0.9859375 0.0484375 0.028125
0 0.4359375 0.77578125 0.046875 0.0625
0 0.159375 0.46015625 0.1125 0.025
0 0.21171875 0.98125 0.125 0.0359375
0 0.4328125 0.2859375 0.0421875 0.05
0 0.440625 0.9234375 0.0515625 0.065625
0 0.59765625 0.78671875 0.0484375 0.053125
0 0.43984375 0.84140625 0.046875 0.065625
0 0.20078125 0.82109375 0.1046875 0.034375
0 0.20078125 0.8609375 0.125 0.0359375
0 0.2078125 0.903125 0.0984375 0.034375
0 0.20625 0.94140625 0.11875 0.0296875