0 0.9390625 0.290625 0.11953125 0.1046875
0 0.21484375 0.65234375 0.053125 0.2109375
0 0.5140625 0.128125 0.0515625 0.196875
0 0.4484375 0.1265625 0.04921875 0.20625
0 0.275 0.11171875 0.053125 0.18359375
0 0.09140625 0.10078125 0.0546875 0.19921875
0 0.6359375 0.0984375 0.053125 0.1953125
0 0.596875 0.625 0.04921875 0.2
0 0.596875 0.88984375 0.04765625 0.18828125
0 0.096875 0.653125 0.05390625 0.1953125
0 0.52890625 0.90234375 0.05390625 0.19140625
0 0.93515625 0.90546875 0.11875 0.090625
0 0.1546875 0.88046875 0.0546875 0.21796875
0 0.69609375 0.12578125 0.053125 0.19375
0 0.15 0.10703125 0.05078125 0.21171875
0 0.93984375 0.39140625 0.1078125 0.09296875
0 0.75546875 0.1421875 0.0484375 0.18203125
0 0.0921875 0.878125 0.05546875 0.21796875
0 0.93828125 0.69296875 0.12109375 0.09296875
0 0.9484375 0.5953125 0.1015625 0.0953125
0 0.03125 0.64921875 0.05390625 0.20078125
0 0.02890625 0.88984375 0.05703125 0.21640625
0 0.940625 0.48671875 0.115625 0.0984375
0 0.9484375 0.98046875 0.1015625 0.03515625
0 0.94296875 0.7953125 0.1125 0.0984375
0 0.81875 0.1203125 0.05078125 0.22421875