0 0.9765625 0.56015625 0.04375 0.04609375
0 0.88046875 0.20078125 0.03046875 0.10703125
0 0.428125 0.465625 0.0234375 0.08828125
0 0.6171875 0.66875 0.0375 0.1203125
0 0.76171875 0.56640625 0.06171875 0.04921875
0 0.9078125 0.5609375 0.06484375 0.05
0 0.46875 0.21953125 0.0296875 0.11015625
0 0.96328125 0.7859375 0.03359375 0.12109375
0 0.7734375 0.40703125 0.05546875 0.04765625
0 0.28046875 0.56875 0.05 0.04140625
0 0.82734375 0.56171875 0.06328125 0.04609375
0 0.84453125 0.78125 0.03203125 0.09296875
0 0.471875 0.6859375 0.02734375 0.10546875
0 0.921875 0.78828125 0.03125 0.11328125
0 0.8015625 0.79453125 0.0375 0.08984375
0 0.99453125 0.790625 0.0109375 0.10703125
0 0.88671875 0.7921875 0.03359375 0.1078125