0 0.21328125 0.646875 0.05390625 0.21171875
0 0.51328125 0.12109375 0.05234375 0.196875
0 0.0953125 0.6484375 0.05390625 0.1953125
0 0.2734375 0.1046875 0.05390625 0.18203125
0 0.93828125 0.38359375 0.10703125 0.09609375
0 0.090625 0.8734375 0.0546875 0.2171875
0 0.215625 0.87421875 0.0546875 0.19765625
0 0.5953125 0.8859375 0.04921875 0.1890625
0 0.446875 0.11953125 0.0515625 0.2078125
0 0.634375 0.0953125 0.05390625 0.190625
0 0.08984375 0.096875 0.05390625 0.19375
0 0.934375 0.9015625 0.11796875 0.090625
0 0.6953125 0.11875 0.05390625 0.18984375
0 0.94296875 0.790625 0.1125 0.096875
0 0.38671875 0.09296875 0.05390625 0.1859375
0 0.028125 0.88515625 0.05546875 0.21640625
0 0.02890625 0.64453125 0.05546875 0.2015625
0 0.9484375 0.590625 0.10234375 0.09375
0 0.9375 0.69140625 0.121875 0.0984375
0 0.1484375 0.103125 0.0515625 0.20546875
0 0.7578125 0.109375 0.0578125 0.19453125
0 0.940625 0.4828125 0.115625 0.103125
0 0.53046875 0.63046875 0.05390625 0.2078125
0 0.4015625 0.87734375 0.0515625 0.20625
0 0.81796875 0.11796875 0.0578125 0.2359375
0 0.94765625 0.97890625 0.10234375 0.0375