0 0.72890625 0.9578125 0.1140625 0.084375
0 0.33359375 0.190625 0.23125 0.0578125
0 0.89921875 0.5171875 0.2015625 0.05625
0 0.89765625 0.44453125 0.2046875 0.0546875
0 0.91171875 0.25625 0.1765625 0.0578125
0 0.91328125 0.05625 0.1734375 0.059375
0 0.915625 0.65 0.16875 0.059375
0 0.36328125 0.60859375 0.21875 0.053125
0 0.08828125 0.6078125 0.1765625 0.0515625
0 0.33203125 0.06171875 0.2125 0.059375
0 0.0828125 0.5328125 0.165625 0.059375
0 0.05703125 0.95625 0.1 0.0875
0 0.1015625 0.125 0.203125 0.059375
0 0.90078125 0.71640625 0.196875 0.0578125
0 0.90625 0.1203125 0.1875 0.05625
0 0.61796875 0.96171875 0.1 0.0765625
0 0.88984375 0.78125 0.2 0.053125
0 0.103125 0.05625 0.20625 0.059375
0 0.2890625 0.95703125 0.1 0.0859375
0 0.3953125 0.96796875 0.1046875 0.0640625
0 0.3375 0.009375 0.21875 0.01875
0 0.09609375 0.009375 0.1921875 0.01875
0 0.5140625 0.96015625 0.1078125 0.0796875
0 0.17734375 0.96171875 0.1078125 0.0765625
0 0.8953125 0.85 0.209375 0.05625