0 0.93828125 0.29375 0.1203125 0.109375
0 0.2140625 0.653125 0.053125 0.209375
0 0.634375 0.09921875 0.053125 0.19375
0 0.27421875 0.1125 0.053125 0.184375
0 0.59609375 0.62578125 0.05 0.2
0 0.09609375 0.6546875 0.053125 0.1953125
0 0.528125 0.90390625 0.0546875 0.1875
0 0.153125 0.88125 0.0546875 0.21875
0 0.93828125 0.39140625 0.1078125 0.09375
0 0.93359375 0.9078125 0.11875 0.090625
0 0.08984375 0.10234375 0.05625 0.1984375
0 0.9375 0.69609375 0.1234375 0.09375
0 0.9421875 0.796875 0.1140625 0.1
0 0.75390625 0.14296875 0.046875 0.18125
0 0.94765625 0.596875 0.103125 0.096875
0 0.09140625 0.87890625 0.053125 0.21875
0 0.14921875 0.1078125 0.0515625 0.2078125
0 0.02890625 0.6515625 0.05625 0.2015625
0 0.93984375 0.4875 0.1171875 0.096875
0 0.028125 0.88984375 0.05625 0.215625
0 0.59609375 0.8921875 0.046875 0.1875
0 0.9453125 0.98125 0.10625 0.034375
0 0.81640625 0.1203125 0.0515625 0.225