0 0.5984375 0.17265625 0.02734375 0.09921875
0 0.4328125 0.2109375 0.03125 0.115625
0 0.87890625 0.20703125 0.0296875 0.1078125
0 0.47265625 0.5515625 0.03203125 0.13046875
0 0.97578125 0.56484375 0.04609375 0.046875
0 0.76015625 0.5703125 0.06171875 0.04609375
0 0.4515625 0.840625 0.0234375 0.11015625
0 0.96171875 0.78984375 0.03515625 0.121875
0 0.28125 0.5734375 0.05 0.04140625
0 0.90546875 0.56640625 0.06484375 0.05
0 0.77109375 0.4125 0.053125 0.046875
0 0.825 0.5671875 0.0640625 0.0453125
0 0.99296875 0.7953125 0.0125 0.1078125
0 0.8046875 0.80078125 0.03359375 0.10234375
0 0.84375 0.8 0.03515625 0.12265625
0 0.88515625 0.79375 0.0328125 0.09609375
0 0.92265625 0.7953125 0.028125 0.11640625