0 0.81875 0.4125 0.065625 0.053125
0 0.67421875 0.2890625 0.040625 0.121875
0 0.946875 0.80703125 0.03125 0.1171875
0 0.9703125 0.41875 0.059375 0.053125
0 0.83203125 0.584375 0.059375 0.053125
0 0.46015625 0.7921875 0.03125 0.1234375
0 0.30078125 0.41015625 0.05625 0.04375
0 0.8890625 0.41796875 0.06875 0.05
0 0.46875 0.4921875 0.03125 0.1125
0 0.6453125 0.82890625 0.03125 0.11875
0 0.9078125 0.18125 0.034375 0.103125
0 0.98671875 0.17265625 0.0265625 0.1234375
0 0.86171875 0.16640625 0.040625 0.0984375
0 0.84296875 0.5078125 0.0734375 0.065625
0 0.953125 0.16640625 0.0375 0.11875