0 0.21328125 0.6640625 0.1 0.303125
0 0.34296875 0.65546875 0.09375 0.296875
0 0.58359375 0.66484375 0.1046875 0.325
0 0.9453125 0.6828125 0.109375 0.325
0 0.82890625 0.66171875 0.09375 0.303125
0 0.2203125 0.29609375 0.09375 0.33125
0 0.46328125 0.3046875 0.1046875 0.2984375
0 0.70390625 0.30234375 0.096875 0.3125
0 0.58515625 0.30234375 0.090625 0.31875
0 0.34296875 0.30234375 0.090625 0.309375
0 0.7046875 0.66171875 0.0890625 0.3125
0 0.45625 0.66640625 0.109375 0.3125
0 0.825 0.30703125 0.10625 0.328125
0 0.95 0.2984375 0.1 0.35