0 0.12578125 0.6234375 0.103125 0.0296875
0 0.20703125 0.92265625 0.115625 0.0328125
0 0.1640625 0.44609375 0.121875 0.034375
0 0.5421875 0.48828125 0.140625 0.034375
0 0.5953125 0.79609375 0.05 0.065625
0 0.83046875 0.99609375 0.128125 0.0078125
0 0.5984375 0.28359375 0.04375 0.053125
0 0.590625 0.95078125 0.053125 0.0703125
0 0.4265625 0.8078125 0.05 0.05625
0 0.59140625 0.86484375 0.0484375 0.06875
0 0.840625 0.84453125 0.0921875 0.0328125
0 0.8421875 0.88515625 0.1125 0.0375
0 0.83828125 0.928125 0.109375 0.0375
0 0.834375 0.96796875 0.11875 0.034375