0 0.21484375 0.64921875 0.05390625 0.21015625
0 0.93671875 0.38828125 0.10703125 0.0953125
0 0.5125 0.1265625 0.05234375 0.19765625
0 0.27578125 0.11015625 0.05078125 0.18359375
0 0.634375 0.09765625 0.053125 0.19375
0 0.3875 0.09609375 0.0546875 0.190625
0 0.446875 0.125 0.05078125 0.2046875
0 0.596875 0.62265625 0.0484375 0.2015625
0 0.0921875 0.0984375 0.0546875 0.1953125
0 0.94140625 0.7921875 0.115625 0.09921875
0 0.52734375 0.90078125 0.0546875 0.1921875
0 0.93125 0.90234375 0.11796875 0.0890625
0 0.0984375 0.65 0.053125 0.1953125
0 0.5296875 0.63203125 0.0546875 0.20546875
0 0.5953125 0.8859375 0.046875 0.18671875
0 0.946875 0.59375 0.1046875 0.096875
0 0.15 0.10546875 0.05078125 0.2109375
0 0.69375 0.12421875 0.05234375 0.19375
0 0.753125 0.14140625 0.046875 0.1828125
0 0.03125 0.64609375 0.0546875 0.20078125
0 0.9359375 0.69375 0.125 0.1
0 0.9390625 0.4859375 0.11875 0.103125
0 0.0296875 0.88671875 0.05625 0.2171875
0 0.09296875 0.87421875 0.0546875 0.21640625
0 0.94609375 0.978125 0.10390625 0.0390625
0 0.81484375 0.11796875 0.053125 0.2328125