0 0.34140625 0.79375 0.215625 0.05625
0 0.609375 0.05390625 0.096875 0.1078125
0 0.87890625 0.48828125 0.203125 0.053125
0 0.89453125 0.73125 0.1875 0.053125
0 0.90390625 0.36328125 0.190625 0.0546875
0 0.90546875 0.61640625 0.1875 0.05625
0 0.8796875 0.55546875 0.209375 0.053125
0 0.36953125 0.4015625 0.20625 0.05
0 0.903125 0.91953125 0.19375 0.05625
0 0.1953125 0.05390625 0.1015625 0.1078125
0 0.09140625 0.47265625 0.1828125 0.05625
0 0.08203125 0.059375 0.090625 0.11875
0 0.34140625 0.91328125 0.2 0.0546875
0 0.359375 0.4703125 0.2109375 0.05625
0 0.0984375 0.403125 0.190625 0.0484375
0 0.3984375 0.0484375 0.1 0.096875
0 0.8953125 0.86015625 0.209375 0.053125
0 0.88046875 0.30234375 0.1984375 0.053125
0 0.86328125 0.24140625 0.1875 0.0484375
0 0.3453125 0.97734375 0.20625 0.0453125
0 0.296875 0.059375 0.103125 0.11875
0 0.51015625 0.05625 0.1046875 0.1125
0 0.1046875 0.97734375 0.209375 0.0453125
0 0.1109375 0.91875 0.221875 0.05625
0 0.0125 0.0484375 0.025 0.096875
0 0.884375 0.17890625 0.23125 0.0546875