0 0.5984375 0.13046875 0.028125 0.09765625
0 0.87890625 0.20703125 0.0296875 0.10859375
0 0.43203125 0.1671875 0.03125 0.11484375
0 0.97578125 0.565625 0.0453125 0.04609375
0 0.471875 0.52109375 0.03203125 0.13125
0 0.76015625 0.57109375 0.06171875 0.046875
0 0.96171875 0.790625 0.03515625 0.12109375
0 0.2796875 0.5734375 0.04921875 0.04140625
0 0.90546875 0.56640625 0.06484375 0.05
0 0.77109375 0.4125 0.053125 0.046875
0 0.825 0.5671875 0.0640625 0.0453125
0 0.80546875 0.80078125 0.03125 0.08671875
0 0.84375 0.8015625 0.0359375 0.1046875
0 0.884375 0.7984375 0.03515625 0.103125
0 0.921875 0.7953125 0.03125 0.1109375