0 0.76328125 0.590625 0.065625 0.053125
0 0.61796875 0.71484375 0.040625 0.121875
0 0.89140625 0.19375 0.03125 0.1171875
0 0.9859375 0.58359375 0.028125 0.0515625
0 0.92109375 0.58359375 0.0703125 0.0546875
0 0.7765625 0.4171875 0.059375 0.053125
0 0.40234375 0.20859375 0.03125 0.125
0 0.2421875 0.59296875 0.05625 0.04375
0 0.98125 0.82734375 0.0375 0.13125
0 0.83359375 0.58515625 0.06875 0.05
0 0.41015625 0.51015625 0.03125 0.1125
0 0.58828125 0.17109375 0.03125 0.11875
0 0.85234375 0.82265625 0.0359375 0.1046875
0 0.9359375 0.83125 0.034375 0.125
0 0.80625 0.83828125 0.040625 0.1
0 0.78671875 0.49453125 0.0734375 0.065625
0 0.89765625 0.8375 0.0375 0.1203125