0 0.63046875 0.85390625 0.23125 0.059375
0 0.34375 0.0609375 0.1046875 0.1171875
0 0.08203125 0.5265625 0.1640625 0.05625
0 0.06953125 0.78671875 0.1390625 0.05625
0 0.065625 0.39296875 0.13125 0.059375
0 0.0640625 0.6640625 0.128125 0.059375
0 0.0828125 0.5984375 0.165625 0.05625
0 0.60078125 0.43359375 0.221875 0.053125
0 0.06640625 0.97890625 0.1328125 0.0421875
0 0.7875 0.059375 0.109375 0.11875
0 0.90078125 0.509375 0.1984375 0.059375
0 0.90859375 0.06640625 0.0984375 0.1296875
0 0.63046875 0.9765625 0.2140625 0.046875
0 0.61171875 0.50703125 0.225 0.059375
0 0.890625 0.43515625 0.20625 0.0515625
0 0.56953125 0.05390625 0.10625 0.10625
0 0.07421875 0.925 0.1484375 0.05625
0 0.0796875 0.32734375 0.159375 0.0578125
0 0.08671875 0.2625 0.171875 0.0515625
0 0.67890625 0.06484375 0.109375 0.1296875
0 0.45078125 0.06171875 0.1125 0.121875
0 0.878125 0.97890625 0.2375 0.0421875
0 0.98515625 0.05390625 0.028125 0.10625
0 0.08671875 0.1953125 0.1734375 0.059375