0 0.7625 0.56875 0.0609375 0.0484375
0 0.62890625 0.6828125 0.03671875 0.1125
0 0.88125 0.203125 0.0296875 0.10859375
0 0.9765625 0.56171875 0.04375 0.046875
0 0.90859375 0.5625 0.06484375 0.05
0 0.775 0.40859375 0.05546875 0.0484375
0 0.43046875 0.21640625 0.02890625 0.1140625
0 0.28203125 0.57109375 0.05078125 0.04140625
0 0.96328125 0.78671875 0.03359375 0.12109375
0 0.828125 0.56328125 0.0625 0.04609375
0 0.4375 0.49453125 0.028125 0.103125
0 0.6015625 0.18203125 0.028125 0.11015625
0 0.8453125 0.7828125 0.0328125 0.09609375
0 0.921875 0.790625 0.03203125 0.1140625
0 0.80234375 0.796875 0.03828125 0.09140625
0 0.78515625 0.48046875 0.06796875 0.0609375
0 0.88671875 0.79609375 0.03515625 0.1109375