0 0.178125 0.6859375 0.059375 0.23125
0 0.5046875 0.1109375 0.0578125 0.215625
0 0.04921875 0.68671875 0.059375 0.2140625
0 0.24296875 0.09609375 0.059375 0.1921875
0 0.95546875 0.39765625 0.0890625 0.1046875
0 0.04296875 0.90703125 0.059375 0.1859375
0 0.1796875 0.9125 0.059375 0.175
0 0.5953125 0.921875 0.0546875 0.15625
0 0.43125 0.1109375 0.05625 0.221875
0 0.6375 0.09375 0.059375 0.1875
0 0.0421875 0.0953125 0.059375 0.190625
0 0.94921875 0.95625 0.0984375 0.0875
0 0.703125 0.1078125 0.059375 0.20625
0 0.95625 0.8421875 0.0875 0.10625
0 0.3671875 0.090625 0.059375 0.18125
0 0.96171875 0.6234375 0.075 0.103125
0 0.95078125 0.734375 0.0984375 0.1078125
0 0.10703125 0.1015625 0.05625 0.203125
0 0.771875 0.10234375 0.0625 0.203125
0 0.95390625 0.50625 0.0921875 0.1125
0 0.52421875 0.6671875 0.059375 0.2265625
0 0.3828125 0.91171875 0.05625 0.175
0 0.83671875 0.11796875 0.0640625 0.2359375