0 0.79921875 0.6953125 0.0578125 0.23125
0 0.73515625 0.1078125 0.05625 0.2
0 0.93203125 0.91171875 0.059375 0.1765625
0 0.03828125 0.4109375 0.0765625 0.103125
0 0.47734375 0.1265625 0.05625 0.2140625
0 0.79765625 0.9171875 0.059375 0.165625
0 0.9328125 0.1015625 0.0578125 0.203125
0 0.3875 0.92578125 0.0515625 0.146875
0 0.61328125 0.09765625 0.0578125 0.1953125
0 0.984375 0.69296875 0.03125 0.21875
0 0.5484375 0.125 0.05625 0.225
0 0.04375 0.9625 0.0875 0.075
0 0.4578125 0.67734375 0.0578125 0.221875
0 0.41171875 0.1046875 0.0515625 0.209375
0 0.34609375 0.10078125 0.0578125 0.2015625
0 0.03203125 0.63359375 0.0640625 0.103125
0 0.21640625 0.11171875 0.05625 0.209375
0 0.28125 0.1234375 0.05625 0.20625
0 0.0375 0.8515625 0.075 0.1046875
0 0.86953125 0.109375 0.05625 0.21875
0 0.04296875 0.74453125 0.0859375 0.10625
0 0.03984375 0.5171875 0.078125 0.1125
0 0.596875 0.9171875 0.05625 0.165625
0 0.15234375 0.125 0.0609375 0.25
0 0.984375 0.91796875 0.03125 0.1640625
0 0.9265625 0.696875 0.0578125 0.2125