0 0.396875 0.878125 0.028125 0.0984375
0 0.11328125 0.80078125 0.03125 0.109375
0 0.565625 0.84140625 0.03125 0.115625
0 0.01953125 0.4375 0.0390625 0.046875
0 0.525 0.4828125 0.03125 0.1328125
0 0.23359375 0.43203125 0.0625 0.046875
0 0.0296875 0.209375 0.0359375 0.121875
0 0.71953125 0.42890625 0.05 0.0421875
0 0.08671875 0.43671875 0.065625 0.05
0 0.221875 0.59296875 0.053125 0.046875
0 0.16796875 0.4359375 0.065625 0.046875
0 0.1875 0.2 0.03125 0.0875
0 0.1484375 0.1984375 0.0375 0.10625
0 0.1078125 0.20234375 0.0359375 0.1046875
0 0.0703125 0.20546875 0.0328125 0.1125