0 0.978125 0.4390625 0.04375 0.046875
0 0.88203125 0.80078125 0.03125 0.1078125
0 0.42734375 0.53359375 0.0234375 0.0890625
0 0.61796875 0.3296875 0.0375 0.121875
0 0.7625 0.4328125 0.0625 0.05
0 0.909375 0.43828125 0.065625 0.05
0 0.46875 0.78203125 0.0296875 0.1109375
0 0.965625 0.21171875 0.034375 0.121875
0 0.775 0.59296875 0.05625 0.046875
0 0.27890625 0.43046875 0.05 0.040625
0 0.828125 0.43671875 0.0625 0.046875
0 0.84609375 0.21640625 0.0328125 0.09375
0 0.47109375 0.31171875 0.028125 0.10625
0 0.92421875 0.20859375 0.03125 0.1140625
0 0.803125 0.203125 0.0375 0.090625
0 0.9953125 0.20703125 0.009375 0.1078125
0 0.88828125 0.20546875 0.034375 0.109375