0 0.32421875 0.77578125 0.2890625 0.09375
0 0.3328125 0.653125 0.28125 0.090625
0 0.3234375 0.42421875 0.309375 0.1
0 0.30703125 0.0765625 0.309375 0.1078125
0 0.3265625 0.190625 0.2890625 0.090625
0 0.67421875 0.76953125 0.3140625 0.0890625
0 0.66640625 0.53828125 0.284375 0.1
0 0.66875 0.309375 0.296875 0.09375
0 0.66875 0.42265625 0.303125 0.0875
0 0.66875 0.653125 0.29375 0.0875
0 0.3265625 0.30859375 0.296875 0.084375
0 0.321875 0.5453125 0.296875 0.103125
0 0.6640625 0.19453125 0.3125 0.1015625
0 0.671875 0.06640625 0.3328125 0.1125