0 0.5921875 0.79609375 0.05 0.065625
0 0.496875 0.4390625 0.09375 0.025
0 0.70703125 0.64140625 0.128125 0.040625
0 0.20390625 0.92265625 0.1140625 0.0328125
0 0.5875 0.9515625 0.053125 0.06875
0 0.5953125 0.28203125 0.04375 0.0546875
0 0.734375 0.4859375 0.1140625 0.028125
0 0.23671875 0.48359375 0.11875 0.03125
0 0.4234375 0.80859375 0.05 0.0578125
0 0.83046875 0.96640625 0.121875 0.034375
0 0.82109375 0.88359375 0.1015625 0.034375
0 0.58828125 0.865625 0.0484375 0.065625
0 0.834375 0.840625 0.115625 0.0375
0 0.840625 0.9265625 0.109375 0.0390625