0 0.40859375 0.546875 0.1234375 0.028125
0 0.42421875 0.0234375 0.05 0.046875
0 0.79453125 0.121875 0.1109375 0.03125
0 0.42265625 0.09453125 0.053125 0.0671875
0 0.715625 0.40625 0.115625 0.028125
0 0.465625 0.59140625 0.109375 0.028125
0 0.41796875 0.2453125 0.046875 0.0625
0 0.190625 0.03671875 0.125 0.0359375
0 0.41484375 0.7421875 0.0421875 0.0515625
0 0.2203125 0.403125 0.1140625 0.03125
0 0.421875 0.17734375 0.046875 0.065625
0 0.58125 0.23359375 0.05 0.05625
0 0.18125 0.20390625 0.09375 0.0390625
0 0.18671875 0.08125 0.11875 0.03125
0 0.19609375 0.16015625 0.096875 0.034375
0 0.184375 0.11640625 0.103125 0.034375
0 0.1859375 0.0046875 0.1140625 0.009375