0 0.7625 0.56171875 0.06171875 0.046875
0 0.42890625 0.47265625 0.0234375 0.08828125
0 0.61796875 0.66953125 0.0375 0.12109375
0 0.88125 0.19765625 0.03046875 0.10703125
0 0.97734375 0.55703125 0.04375 0.046875
0 0.90859375 0.5578125 0.06484375 0.05
0 0.28125 0.56484375 0.0515625 0.04140625
0 0.96484375 0.78125 0.034375 0.12109375
0 0.47265625 0.6953125 0.02734375 0.10703125
0 0.4703125 0.22890625 0.028125 0.11171875
0 0.77421875 0.40390625 0.05390625 0.046875
0 0.92265625 0.78515625 0.03125 0.1140625
0 0.8453125 0.7765625 0.03203125 0.0953125
0 0.828125 0.5578125 0.0625 0.0453125
0 0.8046875 0.78828125 0.03515625 0.10859375
0 0.8859375 0.79453125 0.03671875 0.103125