0 0.0578125 0.71796875 0.115625 0.1125
0 0.79375 0.35 0.0546875 0.215625
0 0.3640625 0.90859375 0.053125 0.1828125
0 0.73203125 0.903125 0.053125 0.1875
0 0.403125 0.37890625 0.0515625 0.2046875
0 0.9140625 0.3484375 0.0546875 0.2
0 0.47265625 0.0953125 0.05625 0.190625
0 0.85546875 0.1171875 0.05625 0.2234375
0 0.0546875 0.61796875 0.109375 0.09375
0 0.059375 0.08984375 0.11875 0.090625
0 0.9203125 0.90625 0.05625 0.1875
0 0.05859375 0.30625 0.1171875 0.096875
0 0.05390625 0.20390625 0.1078125 0.103125
0 0.24140625 0.871875 0.05 0.184375
0 0.0484375 0.4078125 0.096875 0.1
0 0.91875 0.11953125 0.05625 0.221875
0 0.86015625 0.90078125 0.053125 0.1984375
0 0.97734375 0.35234375 0.0453125 0.2046875
0 0.05625 0.5203125 0.1125 0.1
0 0.97734375 0.109375 0.0453125 0.21875
0 0.403125 0.10625 0.0484375 0.1921875
0 0.05 0.01640625 0.1 0.03125
0 0.178125 0.88984375 0.053125 0.21875