0 0.65078125 0.1953125 0.2171875 0.0546875
0 0.1109375 0.503125 0.2015625 0.053125
0 0.65234375 0.07421875 0.2 0.05625
0 0.09453125 0.25625 0.1875 0.0546875
0 0.38046875 0.93984375 0.0984375 0.109375
0 0.88359375 0.06875 0.2234375 0.05625
0 0.884375 0.196875 0.203125 0.05625
0 0.89609375 0.5875 0.19375 0.0515625
0 0.109375 0.434375 0.2125 0.053125
0 0.09140625 0.62734375 0.1828125 0.05625
0 0.09296875 0.06796875 0.1859375 0.05625
0 0.91171875 0.9359375 0.09375 0.121875
0 0.10859375 0.68984375 0.19375 0.0546875
0 0.7984375 0.94296875 0.1 0.1125
0 0.0890625 0.3734375 0.178125 0.05625
0 0.89140625 0.01640625 0.2171875 0.0328125
0 0.6484375 0.0171875 0.20625 0.034375
0 0.59296875 0.9484375 0.096875 0.103125
0 0.696875 0.93828125 0.1015625 0.1234375
0 0.09921875 0.12890625 0.196875 0.053125
0 0.09921875 0.75390625 0.1984375 0.059375
0 0.4828125 0.94140625 0.10625 0.1171875
0 0.63359375 0.52109375 0.2125 0.05625
0 0.88671875 0.38828125 0.2125 0.053125
0 0.11484375 0.815625 0.228125 0.059375
0 0.98515625 0.94765625 0.0265625 0.1046875