0 0.22421875 0.62734375 0.059375 0.2375
0 0.290625 0.0625 0.059375 0.125
0 0.0875 0.8796875 0.0609375 0.240625
0 0.984375 0.334375 0.03125 0.10625
0 0.55625 0.07578125 0.0578125 0.1515625
0 0.22578125 0.88203125 0.0609375 0.221875
0 0.08671875 0.06015625 0.059375 0.1203125
0 0.6484375 0.89453125 0.053125 0.2109375
0 0.415625 0.05625 0.059375 0.1125
0 0.025 0.625 0.05 0.225
0 0.4828125 0.078125 0.05625 0.15625
0 0.97890625 0.9125 0.040625 0.096875
0 0.57578125 0.609375 0.059375 0.2296875
0 0.6234375 0.06328125 0.053125 0.1265625
0 0.69140625 0.059375 0.059375 0.11875
0 0.825 0.06640625 0.05625 0.1328125
0 0.75859375 0.071875 0.059375 0.14375
0 0.98515625 0.78828125 0.028125 0.1078125
0 0.15234375 0.06796875 0.05625 0.1359375
0 0.9796875 0.678125 0.040625 0.109375
0 0.9828125 0.44296875 0.034375 0.1140625
0 0.4328125 0.884375 0.05625 0.228125
0 0.8921875 0.084375 0.0625 0.16875
0 0.02421875 0.88515625 0.0484375 0.2265625
0 0.09296875 0.62890625 0.059375 0.21875