0 0.4671875 0.57578125 0.0265625 0.11875
0 0.975 0.5609375 0.05 0.04921875
0 0.8765625 0.2046875 0.0296875 0.10703125
0 0.903125 0.5625 0.06484375 0.05078125
0 0.603125 0.28046875 0.02734375 0.1109375
0 0.42421875 0.52109375 0.02734375 0.10546875
0 0.7578125 0.5671875 0.0609375 0.04609375
0 0.95859375 0.7859375 0.034375 0.11953125
0 0.278125 0.5703125 0.05 0.040625
0 0.60546875 0.75703125 0.03046875 0.11015625
0 0.8234375 0.56328125 0.0625 0.04453125
0 0.76953125 0.409375 0.053125 0.046875
0 0.79765625 0.7953125 0.03828125 0.09140625
0 0.91640625 0.78984375 0.03125 0.1140625
0 0.840625 0.78125 0.0328125 0.0921875
0 0.88203125 0.79140625 0.0328125 0.1
0 0.9921875 0.790625 0.0140625 0.11015625