0 0.51953125 0.40859375 0.028125 0.1265625
0 0.08203125 0.8046875 0.03125 0.1140625
0 0.05390625 0.42265625 0.06875 0.0546875
0 0.37421875 0.7234375 0.0296875 0.11875
0 0.56484375 0.4671875 0.028125 0.1125
0 0.20859375 0.41796875 0.065625 0.05
0 0.00703125 0.184375 0.0140625 0.128125
0 0.7203125 0.41484375 0.053125 0.04375
0 0.371875 0.21484375 0.03125 0.1171875
0 0.1390625 0.421875 0.0671875 0.046875
0 0.196875 0.5859375 0.05625 0.05
0 0.16640625 0.17421875 0.040625 0.096875
0 0.03984375 0.18046875 0.034375 0.121875
0 0.12109375 0.18984375 0.0359375 0.0984375
0 0.0765625 0.178125 0.0359375 0.10625