0 0.22421875 0.32421875 0.09453125 0.2890625
0 0.346875 0.3328125 0.08984375 0.28203125
0 0.57578125 0.3234375 0.1 0.309375
0 0.9234375 0.30703125 0.1078125 0.309375
0 0.809375 0.3265625 0.08984375 0.2890625
0 0.23046875 0.67421875 0.08828125 0.3140625
0 0.46171875 0.66640625 0.1 0.284375
0 0.690625 0.66875 0.09296875 0.29765625
0 0.57734375 0.66875 0.08671875 0.30234375
0 0.346875 0.66875 0.08671875 0.29296875
0 0.69140625 0.3265625 0.08515625 0.29765625
0 0.4546875 0.321875 0.103125 0.29765625
0 0.80546875 0.6640625 0.1015625 0.31171875
0 0.93359375 0.671875 0.1125 0.3328125