0 0.715625 0.05390625 0.10625 0.1078125
0 0.34609375 0.78671875 0.215625 0.053125
0 0.88125 0.48125 0.2015625 0.053125
0 0.8828125 0.5484375 0.209375 0.05
0 0.8984375 0.72578125 0.1875 0.0546875
0 0.90390625 0.91328125 0.1921875 0.05625
0 0.90625 0.35703125 0.1875 0.0546875
0 0.3734375 0.39609375 0.203125 0.05
0 0.103125 0.396875 0.1921875 0.0484375
0 0.3453125 0.9078125 0.2 0.05625
0 0.09453125 0.4671875 0.1890625 0.05625
0 0.0875 0.05625 0.0921875 0.1125
0 0.11328125 0.8484375 0.221875 0.05625
0 0.88359375 0.2953125 0.1984375 0.053125
0 0.89765625 0.85390625 0.2046875 0.0515625
0 0.6125 0.05078125 0.09375 0.1015625
0 0.86640625 0.234375 0.1859375 0.05
0 0.11484375 0.9125 0.221875 0.05625
0 0.3046875 0.05546875 0.09375 0.109375
0 0.40390625 0.0453125 0.096875 0.090625
0 0.34921875 0.9734375 0.20625 0.053125
0 0.10703125 0.97421875 0.2140625 0.0515625
0 0.51484375 0.05234375 0.1 0.1046875
0 0.01484375 0.0453125 0.028125 0.090625
0 0.20078125 0.05078125 0.1015625 0.1015625
0 0.8875 0.1703125 0.225 0.0515625