0 0.41875 0.75703125 0.05 0.0640625
0 0.5109375 0.41015625 0.0921875 0.025
0 0.30625 0.60703125 0.125 0.0390625
0 0.79609375 0.8796875 0.1109375 0.03125
0 0.42421875 0.978125 0.0484375 0.04375
0 0.42265625 0.9078125 0.053125 0.0671875
0 0.415625 0.25703125 0.04375 0.053125
0 0.190625 0.96640625 0.125 0.0359375
0 0.28046875 0.45546875 0.1109375 0.028125
0 0.7640625 0.453125 0.115625 0.0296875
0 0.5828125 0.76875 0.05 0.05625
0 0.18671875 0.92265625 0.11875 0.0328125
0 0.1953125 0.8421875 0.1 0.0328125
0 0.42265625 0.825 0.046875 0.065625
0 0.1828125 0.80078125 0.1125 0.0375
0 0.1765625 0.884375 0.10625 0.0375