0 0.2140625 0.6515625 0.053125 0.21328125
0 0.27421875 0.10703125 0.053125 0.184375
0 0.09140625 0.87890625 0.0546875 0.21796875
0 0.93828125 0.38828125 0.10703125 0.0953125
0 0.51328125 0.12421875 0.05234375 0.1984375
0 0.215625 0.8796875 0.0546875 0.1984375
0 0.090625 0.09765625 0.053125 0.1953125
0 0.59609375 0.89140625 0.04765625 0.18984375
0 0.38671875 0.09453125 0.053125 0.18828125
0 0.0296875 0.6484375 0.05546875 0.20234375
0 0.446875 0.12265625 0.0515625 0.209375
0 0.93359375 0.9078125 0.11796875 0.0875
0 0.53125 0.63515625 0.053125 0.20625
0 0.5734375 0.10390625 0.04765625 0.19453125
0 0.634375 0.096875 0.053125 0.19375
0 0.94765625 0.59375 0.103125 0.09609375
0 0.75546875 0.1109375 0.0515625 0.19375
0 0.69453125 0.12109375 0.053125 0.190625
0 0.94296875 0.7953125 0.11328125 0.096875
0 0.15 0.1046875 0.0515625 0.209375
0 0.9375 0.696875 0.12265625 0.0984375
0 0.940625 0.4859375 0.1171875 0.103125
0 0.4015625 0.88203125 0.0515625 0.2046875
0 0.815625 0.11953125 0.05703125 0.2390625
0 0.028125 0.8890625 0.05625 0.215625
0 0.94765625 0.98203125 0.103125 0.03203125
0 0.09609375 0.653125 0.053125 0.19609375