0 0.19921875 0.915625 0.1125 0.03125
0 0.4765625 0.44296875 0.09375 0.025
0 0.68828125 0.640625 0.125 0.0390625
0 0.58125 0.79140625 0.0515625 0.065625
0 0.57578125 0.94375 0.053125 0.06875
0 0.21875 0.4859375 0.115625 0.03125
0 0.81015625 0.9921875 0.1265625 0.015625
0 0.41484375 0.80390625 0.05 0.0578125
0 0.58359375 0.2890625 0.04375 0.053125
0 0.5765625 0.859375 0.0484375 0.065625
0 0.80546875 0.878125 0.096875 0.034375
0 0.70625 0.48828125 0.109375 0.028125
0 0.81328125 0.95859375 0.11875 0.0328125
0 0.81953125 0.83359375 0.09375 0.0390625
0 0.8171875 0.921875 0.1125 0.034375