0 0.1625 0.40703125 0.103125 0.028125
0 0.203125 0.58125 0.121875 0.0328125
0 0.19921875 0.11328125 0.1125 0.03125
0 0.56015625 0.5390625 0.1375 0.034375
0 0.57421875 0.01796875 0.05 0.0359375
0 0.5796875 0.2375 0.0484375 0.065625
0 0.8640625 0.5609375 0.115625 0.025
0 0.81015625 0.0265625 0.128125 0.0375
0 0.58359375 0.73984375 0.04375 0.053125
0 0.57578125 0.08515625 0.053125 0.06875
0 0.4140625 0.22578125 0.05 0.05625
0 0.5765625 0.16953125 0.046875 0.06875
0 0.821875 0.190625 0.1078125 0.034375
0 0.82109375 0.15 0.128125 0.0375
0 0.81484375 0.10625 0.1 0.034375
0 0.815625 0.0671875 0.121875 0.0296875